     100 1.0000000E-07 7.1552483E-02 1.3737795E+00 1.5511059E-02 3.9289525E+01
     200 2.0000000E-07 2.7689535E-01 1.8062058E+00 1.2646133E-01 3.9777932E+01
     300 3.0000000E-07 5.3105183E-01 1.9226784E+00 3.5662684E-01 3.9782699E+01
     400 4.0000000E-07 7.3224102E-01 1.9530306E+00 5.9798619E-01 3.9790242E+01
     500 5.0000000E-07 8.5870367E-01 1.9605981E+00 7.7407079E-01 3.9809218E+01
     600 6.0000000E-07 9.2943077E-01 1.9617969E+00 8.8062968E-01 3.9839071E+01
     700 7.0000000E-07 9.6673484E-01 1.9610401E+00 9.3931137E-01 3.9875259E+01
     800 8.0000000E-07 9.8584395E-01 1.9597257E+00 9.7016794E-01 3.9912805E+01
     900 9.0000000E-07 9.9549267E-01 1.9583806E+00 9.8606324E-01 3.9948846E+01
    1000 1.0000000E-06 1.0003313E+00 1.9571970E+00 9.9421045E-01 3.9982494E+01
    1100 1.1000000E-06 1.0027512E+00 1.9562194E+00 9.9841879E-01 4.0013842E+01
    1200 1.2000000E-06 1.0039613E+00 1.9554327E+00 1.0006433E+00 4.0043285E+01
    1300 1.3000000E-06 1.0045681E+00 1.9548039E+00 1.0018733E+00 4.0071230E+01
    1400 1.4000000E-06 1.0048743E+00 1.9542995E+00 1.0026061E+00 4.0098004E+01
    1500 1.5000000E-06 1.0050310E+00 1.9538914E+00 1.0030906E+00 4.0123855E+01
    1600 1.6000000E-06 1.0051132E+00 1.9535575E+00 1.0034512E+00 4.0148957E+01
    1700 1.7000000E-06 1.0051583E+00 1.9532812E+00 1.0037501E+00 4.0173438E+01
    1800 1.8000000E-06 1.0051850E+00 1.9530499E+00 1.0040183E+00 4.0197384E+01
    1900 1.9000000E-06 1.0052025E+00 1.9528542E+00 1.0042713E+00 4.0220859E+01
    2000 2.0000000E-06 1.0052154E+00 1.9526870E+00 1.0045168E+00 4.0243906E+01
    2100 2.1000000E-06 1.0052259E+00 1.9525429E+00 1.0047587E+00 4.0266556E+01
    2200 2.2000000E-06 1.0052353E+00 1.9524180E+00 1.0049988E+00 4.0288828E+01
    2300 2.3000000E-06 1.0052441E+00 1.9523088E+00 1.0052383E+00 4.0310739E+01
    2400 2.4000000E-06 1.0052525E+00 1.9522130E+00 1.0054775E+00 4.0332296E+01
    2500 2.5000000E-06 1.0052607E+00 1.9521285E+00 1.0057168E+00 4.0353506E+01
    2600 2.6000000E-06 1.0052688E+00 1.9520538E+00 1.0059562E+00 4.0374371E+01
    2700 2.7000000E-06 1.0052767E+00 1.9519876E+00 1.0061959E+00 4.0394892E+01
    2800 2.8000000E-06 1.0052846E+00 1.9519288E+00 1.0064360E+00 4.0415070E+01
    2900 2.9000000E-06 1.0052923E+00 1.9518766E+00 1.0066763E+00 4.0434901E+01
    3000 3.0000000E-06 1.0053000E+00 1.9518302E+00 1.0069171E+00 4.0454385E+01
    3100 3.1000000E-06 1.0053075E+00 1.9517890E+00 1.0071582E+00 4.0473517E+01
    3200 3.2000000E-06 1.0053149E+00 1.9517524E+00 1.0073997E+00 4.0492295E+01
    3300 3.3000000E-06 1.0053223E+00 1.9517202E+00 1.0076417E+00 4.0510714E+01
    3400 3.4000000E-06 1.0053295E+00 1.9516917E+00 1.0078841E+00 4.0528771E+01
    3500 3.5000000E-06 1.0053366E+00 1.9516667E+00 1.0081270E+00 4.0546461E+01
    3600 3.6000000E-06 1.0053436E+00 1.9516449E+00 1.0083704E+00 4.0563781E+01
    3700 3.7000000E-06 1.0053504E+00 1.9516259E+00 1.0086142E+00 4.0580727E+01
    3800 3.8000000E-06 1.0053572E+00 1.9516095E+00 1.0088586E+00 4.0597293E+01
    3900 3.9000000E-06 1.0053638E+00 1.9515956E+00 1.0091034E+00 4.0613477E+01
    4000 4.0000000E-06 1.0053702E+00 1.9515837E+00 1.0093488E+00 4.0629275E+01
    4100 4.1000000E-06 1.0053765E+00 1.9515738E+00 1.0095948E+00 4.0644682E+01
    4200 4.2000000E-06 1.0053827E+00 1.9515656E+00 1.0098413E+00 4.0659695E+01
    4300 4.3000000E-06 1.0053887E+00 1.9515589E+00 1.0100884E+00 4.0674310E+01
    4400 4.4000000E-06 1.0053946E+00 1.9515536E+00 1.0103360E+00 4.0688525E+01
    4500 4.5000000E-06 1.0054003E+00 1.9515494E+00 1.0105843E+00 4.0702336E+01
    4600 4.6000000E-06 1.0054059E+00 1.9515463E+00 1.0108331E+00 4.0715741E+01
    4700 4.7000000E-06 1.0054113E+00 1.9515441E+00 1.0110826E+00 4.0728736E+01
    4800 4.8000000E-06 1.0054166E+00 1.9515426E+00 1.0113327E+00 4.0741319E+01
    4900 4.9000000E-06 1.0054216E+00 1.9515416E+00 1.0115834E+00 4.0753488E+01
    5000 5.0000000E-06 1.0054266E+00 1.9515410E+00 1.0118347E+00 4.0765241E+01
    5100 5.1000000E-06 1.0054313E+00 1.9515407E+00 1.0120867E+00 4.0776577E+01
    5200 5.2000000E-06 1.0054359E+00 1.9515406E+00 1.0123394E+00 4.0787493E+01
    5300 5.3000000E-06 1.0054403E+00 1.9515405E+00 1.0125927E+00 4.0797988E+01
    5400 5.4000000E-06 1.0054445E+00 1.9515403E+00 1.0128467E+00 4.0808063E+01
    5500 5.5000000E-06 1.0054485E+00 1.9515399E+00 1.0131014E+00 4.0817715E+01
    5600 5.6000000E-06 1.0054524E+00 1.9515391E+00 1.0133568E+00 4.0826944E+01
    5700 5.7000000E-06 1.0054561E+00 1.9515380E+00 1.0136129E+00 4.0835751E+01
    5800 5.8000000E-06 1.0054596E+00 1.9515364E+00 1.0138697E+00 4.0844135E+01
    5900 5.9000000E-06 1.0054629E+00 1.9515341E+00 1.0141272E+00 4.0852096E+01
    6000 6.0000000E-06 1.0054660E+00 1.9515312E+00 1.0143854E+00 4.0859636E+01
    6100 6.1000000E-06 1.0054690E+00 1.9515275E+00 1.0146444E+00 4.0866755E+01
    6200 6.2000000E-06 1.0054718E+00 1.9515230E+00 1.0149041E+00 4.0873455E+01
    6300 6.3000000E-06 1.0054743E+00 1.9515176E+00 1.0151645E+00 4.0879736E+01
    6400 6.4000000E-06 1.0054767E+00 1.9515113E+00 1.0154258E+00 4.0885601E+01
    6500 6.5000000E-06 1.0054789E+00 1.9515041E+00 1.0156878E+00 4.0891051E+01
    6600 6.6000000E-06 1.0054810E+00 1.9514958E+00 1.0159505E+00 4.0896089E+01
    6700 6.7000000E-06 1.0054828E+00 1.9514865E+00 1.0162141E+00 4.0900717E+01
    6800 6.8000000E-06 1.0054845E+00 1.9514761E+00 1.0164784E+00 4.0904938E+01
    6900 6.9000000E-06 1.0054859E+00 1.9514647E+00 1.0167436E+00 4.0908756E+01
    7000 7.0000000E-06 1.0054872E+00 1.9514522E+00 1.0170095E+00 4.0912172E+01
    7100 7.1000000E-06 1.0054883E+00 1.9514387E+00 1.0172763E+00 4.0915192E+01
    7200 7.2000000E-06 1.0054893E+00 1.9514241E+00 1.0175439E+00 4.0917818E+01
    7300 7.3000000E-06 1.0054900E+00 1.9514084E+00 1.0178124E+00 4.0920055E+01
    7400 7.4000000E-06 1.0054906E+00 1.9513918E+00 1.0180817E+00 4.0921907E+01
    7500 7.5000000E-06 1.0054910E+00 1.9513742E+00 1.0183518E+00 4.0923378E+01
    7600 7.6000000E-06 1.0054912E+00 1.9513557E+00 1.0186229E+00 4.0924474E+01
    7700 7.7000000E-06 1.0054912E+00 1.9513363E+00 1.0188948E+00 4.0925198E+01
    7800 7.8000000E-06 1.0054911E+00 1.9513160E+00 1.0191676E+00 4.0925557E+01
    7900 7.9000000E-06 1.0054908E+00 1.9512950E+00 1.0194413E+00 4.0925555E+01
    8000 8.0000000E-06 1.0054904E+00 1.9512733E+00 1.0197159E+00 4.0925198E+01
    8100 8.1000000E-06 1.0054898E+00 1.9512509E+00 1.0199914E+00 4.0924492E+01
    8200 8.2000000E-06 1.0054890E+00 1.9512280E+00 1.0202679E+00 4.0923443E+01
    8300 8.3000000E-06 1.0054881E+00 1.9512046E+00 1.0205453E+00 4.0922056E+01
    8400 8.4000000E-06 1.0054870E+00 1.9511808E+00 1.0208237E+00 4.0920338E+01
    8500 8.5000000E-06 1.0054858E+00 1.9511567E+00 1.0211030E+00 4.0918296E+01
    8600 8.6000000E-06 1.0054844E+00 1.9511323E+00 1.0213834E+00 4.0915935E+01
    8700 8.7000000E-06 1.0054829E+00 1.9511078E+00 1.0216647E+00 4.0913263E+01
    8800 8.8000000E-06 1.0054812E+00 1.9510834E+00 1.0219470E+00 4.0910286E+01
    8900 8.9000000E-06 1.0054795E+00 1.9510589E+00 1.0222304E+00 4.0907011E+01
    9000 9.0000000E-06 1.0054775E+00 1.9510346E+00 1.0225148E+00 4.0903445E+01
    9100 9.1000000E-06 1.0054755E+00 1.9510106E+00 1.0228003E+00 4.0899595E+01
    9200 9.2000000E-06 1.0054733E+00 1.9509868E+00 1.0230868E+00 4.0895469E+01
    9300 9.3000000E-06 1.0054710E+00 1.9509635E+00 1.0233744E+00 4.0891074E+01
    9400 9.4000000E-06 1.0054686E+00 1.9509407E+00 1.0236631E+00 4.0886416E+01
    9500 9.5000000E-06 1.0054661E+00 1.9509186E+00 1.0239529E+00 4.0881504E+01
    9600 9.6000000E-06 1.0054635E+00 1.9508971E+00 1.0242438E+00 4.0876344E+01
    9700 9.7000000E-06 1.0054608E+00 1.9508764E+00 1.0245359E+00 4.0870944E+01
    9800 9.8000000E-06 1.0054579E+00 1.9508566E+00 1.0248291E+00 4.0865313E+01
    9900 9.9000000E-06 1.0054550E+00 1.9508377E+00 1.0251235E+00 4.0859456E+01
   10000 1.0000000E-05 1.0054520E+00 1.9508199E+00 1.0254191E+00 4.0853383E+01
   10100 1.0100000E-05 1.0054489E+00 1.9508032E+00 1.0257160E+00 4.0847099E+01
   10200 1.0200000E-05 1.0054457E+00 1.9507878E+00 1.0260140E+00 4.0840614E+01
   10300 1.0300000E-05 1.0054424E+00 1.9507736E+00 1.0263133E+00 4.0833933E+01
   10400 1.0400000E-05 1.0054391E+00 1.9507607E+00 1.0266138E+00 4.0827066E+01
   10500 1.0500000E-05 1.0054356E+00 1.9507493E+00 1.0269156E+00 4.0820019E+01
   10600 1.0600000E-05 1.0054322E+00 1.9507393E+00 1.0272187E+00 4.0812800E+01
   10700 1.0700000E-05 1.0054286E+00 1.9507309E+00 1.0275232E+00 4.0805416E+01
   10800 1.0800000E-05 1.0054250E+00 1.9507241E+00 1.0278289E+00 4.0797875E+01
   10900 1.0900000E-05 1.0054213E+00 1.9507190E+00 1.0281360E+00 4.0790183E+01
   11000 1.1000000E-05 1.0054175E+00 1.9507156E+00 1.0284445E+00 4.0782349E+01
   11100 1.1100000E-05 1.0054137E+00 1.9507139E+00 1.0287543E+00 4.0774379E+01
   11200 1.1200000E-05 1.0054099E+00 1.9507140E+00 1.0290656E+00 4.0766280E+01
   11300 1.1300000E-05 1.0054060E+00 1.9507159E+00 1.0293783E+00 4.0758059E+01
   11400 1.1400000E-05 1.0054021E+00 1.9507197E+00 1.0296924E+00 4.0749724E+01
   11500 1.1500000E-05 1.0053981E+00 1.9507254E+00 1.0300080E+00 4.0741282E+01
   11600 1.1600000E-05 1.0053941E+00 1.9507331E+00 1.0303251E+00 4.0732738E+01
   11700 1.1700000E-05 1.0053901E+00 1.9507427E+00 1.0306436E+00 4.0724100E+01
   11800 1.1800000E-05 1.0053860E+00 1.9507542E+00 1.0309637E+00 4.0715374E+01
   11900 1.1900000E-05 1.0053820E+00 1.9507678E+00 1.0312854E+00 4.0706567E+01
   12000 1.2000000E-05 1.0053778E+00 1.9507834E+00 1.0316085E+00 4.0697685E+01
   12100 1.2100000E-05 1.0053737E+00 1.9508009E+00 1.0319333E+00 4.0688735E+01
   12200 1.2200000E-05 1.0053696E+00 1.9508206E+00 1.0322597E+00 4.0679722E+01
   12300 1.2300000E-05 1.0053654E+00 1.9508422E+00 1.0325876E+00 4.0670654E+01
   12400 1.2400000E-05 1.0053612E+00 1.9508659E+00 1.0329172E+00 4.0661534E+01
   12500 1.2500000E-05 1.0053570E+00 1.9508916E+00 1.0332485E+00 4.0652371E+01
   12600 1.2600000E-05 1.0053528E+00 1.9509193E+00 1.0335814E+00 4.0643168E+01
   12700 1.2700000E-05 1.0053486E+00 1.9509491E+00 1.0339160E+00 4.0633933E+01
   12800 1.2800000E-05 1.0053444E+00 1.9509809E+00 1.0342523E+00 4.0624669E+01
   12900 1.2900000E-05 1.0053402E+00 1.9510147E+00 1.0345904E+00 4.0615384E+01
   13000 1.3000000E-05 1.0053360E+00 1.9510505E+00 1.0349302E+00 4.0606081E+01
   13100 1.3100000E-05 1.0053319E+00 1.9510882E+00 1.0352717E+00 4.0596766E+01
   13200 1.3200000E-05 1.0053277E+00 1.9511280E+00 1.0356150E+00 4.0587444E+01
   13300 1.3300000E-05 1.0053235E+00 1.9511696E+00 1.0359602E+00 4.0578120E+01
   13400 1.3400000E-05 1.0053193E+00 1.9512132E+00 1.0363071E+00 4.0568799E+01
   13500 1.3500000E-05 1.0053152E+00 1.9512588E+00 1.0366559E+00 4.0559484E+01
   13600 1.3600000E-05 1.0053110E+00 1.9513062E+00 1.0370066E+00 4.0550181E+01
   13700 1.3700000E-05 1.0053069E+00 1.9513555E+00 1.0373592E+00 4.0540894E+01
   13800 1.3800000E-05 1.0053028E+00 1.9514066E+00 1.0377137E+00 4.0531628E+01
   13900 1.3900000E-05 1.0052987E+00 1.9514595E+00 1.0380701E+00 4.0522385E+01
   14000 1.4000000E-05 1.0052946E+00 1.9515142E+00 1.0384284E+00 4.0513171E+01
   14100 1.4100000E-05 1.0052906E+00 1.9515707E+00 1.0387886E+00 4.0503988E+01
   14200 1.4200000E-05 1.0052865E+00 1.9516290E+00 1.0391508E+00 4.0494841E+01
   14300 1.4300000E-05 1.0052825E+00 1.9516895E+00 1.0395149E+00 4.0485733E+01
   14400 1.4400000E-05 1.0052786E+00 1.9517520E+00 1.0398810E+00 4.0476667E+01
   14500 1.4500000E-05 1.0052746E+00 1.9518162E+00 1.0402491E+00 4.0467647E+01
   14600 1.4600000E-05 1.0052707E+00 1.9518822E+00 1.0406192E+00 4.0458676E+01
   14700 1.4700000E-05 1.0052668E+00 1.9519498E+00 1.0409913E+00 4.0449756E+01
   14800 1.4800000E-05 1.0052629E+00 1.9520191E+00 1.0413655E+00 4.0440891E+01
   14900 1.4900000E-05 1.0052591E+00 1.9520901E+00 1.0417416E+00 4.0432083E+01
   15000 1.5000000E-05 1.0052553E+00 1.9521626E+00 1.0421198E+00 4.0423334E+01
   15100 1.5100000E-05 1.0052515E+00 1.9522368E+00 1.0425001E+00 4.0414647E+01
   15200 1.5200000E-05 1.0052478E+00 1.9523125E+00 1.0428824E+00 4.0406024E+01
   15300 1.5300000E-05 1.0052441E+00 1.9523897E+00 1.0432668E+00 4.0397468E+01
   15400 1.5400000E-05 1.0052404E+00 1.9524684E+00 1.0436533E+00 4.0388979E+01
   15500 1.5500000E-05 1.0052368E+00 1.9525487E+00 1.0440419E+00 4.0380560E+01
   15600 1.5600000E-05 1.0052332E+00 1.9526304E+00 1.0444325E+00 4.0372213E+01
   15700 1.5700000E-05 1.0052297E+00 1.9527136E+00 1.0448253E+00 4.0363938E+01
   15800 1.5800000E-05 1.0052261E+00 1.9527982E+00 1.0452201E+00 4.0355736E+01
   15900 1.5900000E-05 1.0052227E+00 1.9528842E+00 1.0456171E+00 4.0347610E+01
   16000 1.6000000E-05 1.0052192E+00 1.9529716E+00 1.0460162E+00 4.0339560E+01
   16100 1.6100000E-05 1.0052158E+00 1.9530604E+00 1.0464173E+00 4.0331586E+01
   16200 1.6200000E-05 1.0052124E+00 1.9531505E+00 1.0468206E+00 4.0323689E+01
   16300 1.6300000E-05 1.0052091E+00 1.9532420E+00 1.0472260E+00 4.0315870E+01
   16400 1.6400000E-05 1.0052058E+00 1.9533349E+00 1.0476335E+00 4.0308129E+01
   16500 1.6500000E-05 1.0052026E+00 1.9534291E+00 1.0480432E+00 4.0300465E+01
   16600 1.6600000E-05 1.0051994E+00 1.9535246E+00 1.0484549E+00 4.0292878E+01
   16700 1.6700000E-05 1.0051962E+00 1.9536214E+00 1.0488688E+00 4.0285369E+01
   16800 1.6800000E-05 1.0051930E+00 1.9537196E+00 1.0492852E+00 4.0277937E+01
   16900 1.6900000E-05 1.0051899E+00 1.9538191E+00 1.0497039E+00 4.0270580E+01
   17000 1.7000000E-05 1.0051869E+00 1.9539198E+00 1.0501249E+00 4.0263299E+01
   17100 1.7100000E-05 1.0051838E+00 1.9540219E+00 1.0505482E+00 4.0256091E+01
   17200 1.7200000E-05 1.0051809E+00 1.9541253E+00 1.0509738E+00 4.0248956E+01
   17300 1.7300000E-05 1.0051779E+00 1.9542299E+00 1.0514017E+00 4.0241892E+01
   17400 1.7400000E-05 1.0051750E+00 1.9543359E+00 1.0518317E+00 4.0234897E+01
   17500 1.7500000E-05 1.0051721E+00 1.9544432E+00 1.0522641E+00 4.0227970E+01
   17600 1.7600000E-05 1.0051692E+00 1.9545518E+00 1.0526986E+00 4.0221108E+01
   17700 1.7700000E-05 1.0051664E+00 1.9546617E+00 1.0531355E+00 4.0214309E+01
   17800 1.7800000E-05 1.0051636E+00 1.9547730E+00 1.0535745E+00 4.0207573E+01
   17900 1.7900000E-05 1.0051609E+00 1.9548856E+00 1.0540159E+00 4.0200894E+01
   18000 1.8000000E-05 1.0051582E+00 1.9549996E+00 1.0544595E+00 4.0194269E+01
   18100 1.8100000E-05 1.0051555E+00 1.9551150E+00 1.0549054E+00 4.0187695E+01
   18200 1.8200000E-05 1.0051528E+00 1.9552318E+00 1.0553537E+00 4.0181169E+01
   18300 1.8300000E-05 1.0051502E+00 1.9553501E+00 1.0558044E+00 4.0174688E+01
   18400 1.8400000E-05 1.0051476E+00 1.9554697E+00 1.0562575E+00 4.0168246E+01
   18500 1.8500000E-05 1.0051450E+00 1.9555908E+00 1.0567130E+00 4.0161840E+01
   18600 1.8600000E-05 1.0051424E+00 1.9557133E+00 1.0571708E+00 4.0155466E+01
   18700 1.8700000E-05 1.0051399E+00 1.9558374E+00 1.0576310E+00 4.0149118E+01
   18800 1.8800000E-05 1.0051374E+00 1.9559629E+00 1.0580935E+00 4.0142792E+01
   18900 1.8900000E-05 1.0051349E+00 1.9560912E+00 1.0585583E+00 4.0136484E+01
   19000 1.9000000E-05 1.0051324E+00 1.9562213E+00 1.0590255E+00 4.0130186E+01
   19100 1.9100000E-05 1.0051300E+00 1.9563532E+00 1.0594951E+00 4.0123894E+01
   19200 1.9200000E-05 1.0051275E+00 1.9564868E+00 1.0599669E+00 4.0117602E+01
   19300 1.9300000E-05 1.0051251E+00 1.9566221E+00 1.0604412E+00 4.0111304E+01
   19400 1.9400000E-05 1.0051226E+00 1.9567593E+00 1.0609178E+00 4.0104993E+01
   19500 1.9500000E-05 1.0051202E+00 1.9568982E+00 1.0613967E+00 4.0098663E+01
   19600 1.9600000E-05 1.0051178E+00 1.9570390E+00 1.0618780E+00 4.0092306E+01
   19700 1.9700000E-05 1.0051154E+00 1.9571817E+00 1.0623617E+00 4.0085916E+01
   19800 1.9800000E-05 1.0051130E+00 1.9573263E+00 1.0628478E+00 4.0079485E+01
   19900 1.9900000E-05 1.0051106E+00 1.9574729E+00 1.0633363E+00 4.0073005E+01
   20000 2.0000000E-05 1.0051082E+00 1.9576216E+00 1.0638273E+00 4.0066470E+01
   20100 2.0100000E-05 1.0051058E+00 1.9577724E+00 1.0643207E+00 4.0059870E+01
   20200 2.0200000E-05 1.0051033E+00 1.9579260E+00 1.0648167E+00 4.0053198E+01
   20300 2.0300000E-05 1.0051009E+00 1.9580820E+00 1.0653152E+00 4.0046444E+01
   20400 2.0400000E-05 1.0050985E+00 1.9582404E+00 1.0658162E+00 4.0039601E+01
   20500 2.0500000E-05 1.0050960E+00 1.9584013E+00 1.0663198E+00 4.0032659E+01
   20600 2.0600000E-05 1.0050935E+00 1.9585644E+00 1.0668260E+00 4.0025603E+01
   20700 2.0700000E-05 1.0050910E+00 1.9587300E+00 1.0673350E+00 4.0018428E+01
   20800 2.0800000E-05 1.0050885E+00 1.9588963E+00 1.0678469E+00 4.0011071E+01
   20900 2.0900000E-05 1.0050858E+00 1.9590553E+00 1.0683615E+00 4.0003266E+01
   21000 2.1000000E-05 1.0050832E+00 1.9592144E+00 1.0688788E+00 3.9995303E+01
   21100 2.1100000E-05 1.0050804E+00 1.9593760E+00 1.0693987E+00 3.9987177E+01
   21200 2.1200000E-05 1.0050777E+00 1.9595406E+00 1.0699214E+00 3.9978877E+01
   21300 2.1300000E-05 1.0050748E+00 1.9597085E+00 1.0704469E+00 3.9970394E+01
   21400 2.1400000E-05 1.0050720E+00 1.9598853E+00 1.0709750E+00 3.9961718E+01
   21500 2.1500000E-05 1.0050691E+00 1.9600818E+00 1.0715060E+00 3.9952839E+01
   21600 2.1600000E-05 1.0050661E+00 1.9602873E+00 1.0720397E+00 3.9943748E+01
   21700 2.1700000E-05 1.0050631E+00 1.9604983E+00 1.0725762E+00 3.9934437E+01
   21800 2.1800000E-05 1.0050600E+00 1.9607772E+00 1.0731156E+00 3.9924895E+01
   21900 2.1900000E-05 1.0050569E+00 1.9611028E+00 1.0736578E+00 3.9915115E+01
   22000 2.2000000E-05 1.0050537E+00 1.9614455E+00 1.0742052E+00 3.9905088E+01
   22100 2.2100000E-05 1.0050505E+00 1.9621532E+00 1.0747574E+00 3.9894808E+01
   22200 2.2200000E-05 1.0050472E+00 1.9660536E+00 1.0753136E+00 3.9884262E+01
   22300 2.2300000E-05 1.0050438E+00 1.9707756E+00 1.0758737E+00 3.9876522E+01
   22400 2.2400000E-05 1.0050403E+00 1.9757016E+00 1.0764375E+00 3.9869269E+01
   22500 2.2500000E-05 1.0050368E+00 1.9806735E+00 1.0770050E+00 3.9861804E+01
   22600 2.2600000E-05 1.0050332E+00 1.9856505E+00 1.0775764E+00 3.9854117E+01
   22700 2.2700000E-05 1.0050296E+00 1.9906216E+00 1.0781517E+00 3.9846207E+01
   22800 2.2800000E-05 1.0050259E+00 1.9955834E+00 1.0787310E+00 3.9838077E+01
   22900 2.2900000E-05 1.0050221E+00 2.0005355E+00 1.0793146E+00 3.9829730E+01
   23000 2.3000000E-05 1.0050182E+00 2.0055678E+00 1.0799061E+00 3.9821212E+01
   23100 2.3100000E-05 1.0050143E+00 2.0105012E+00 1.0805109E+00 3.9812531E+01
   23200 2.3200000E-05 1.0050103E+00 2.0153947E+00 1.0811500E+00 3.9803649E+01
   23300 2.3300000E-05 1.0050062E+00 2.0202612E+00 1.0818074E+00 3.9794571E+01
   23400 2.3400000E-05 1.0050021E+00 2.0251018E+00 1.0824755E+00 3.9785307E+01
   23500 2.3500000E-05 1.0049980E+00 2.0299143E+00 1.0831539E+00 3.9775870E+01
   23600 2.3600000E-05 1.0049938E+00 2.0346957E+00 1.0838399E+00 3.9766272E+01
   23700 2.3700000E-05 1.0049895E+00 2.0394427E+00 1.0845322E+00 3.9756531E+01
   23800 2.3800000E-05 1.0049853E+00 2.0441859E+00 1.0852305E+00 3.9746665E+01
   23900 2.3900000E-05 1.0049817E+00 2.0489101E+00 1.0860134E+00 3.9736693E+01
   24000 2.4000000E-05 1.0049782E+00 2.0535931E+00 1.0868449E+00 3.9726638E+01
   24100 2.4100000E-05 1.0049749E+00 2.0582275E+00 1.0877033E+00 3.9716525E+01
   24200 2.4200000E-05 1.0049717E+00 2.0628076E+00 1.0885787E+00 3.9706378E+01
   24300 2.4300000E-05 1.0049685E+00 2.0673271E+00 1.0894666E+00 3.9696228E+01
   24400 2.4400000E-05 1.0049654E+00 2.0717804E+00 1.0903649E+00 3.9686102E+01
   24500 2.4500000E-05 1.0049623E+00 2.0761620E+00 1.0912725E+00 3.9676032E+01
   24600 2.4600000E-05 1.0049592E+00 2.0804722E+00 1.0921891E+00 3.9666052E+01
   24700 2.4700000E-05 1.0049564E+00 2.0847046E+00 1.0931144E+00 3.9656195E+01
   24800 2.4800000E-05 1.0049543E+00 2.0888521E+00 1.0940483E+00 3.9646497E+01
   24900 2.4900000E-05 1.0049526E+00 2.0929091E+00 1.0949905E+00 3.9636992E+01
   25000 2.5000000E-05 1.0049642E+00 2.0968703E+00 1.0959411E+00 3.9629740E+01
   25100 2.5100000E-05 1.0049991E+00 2.1007309E+00 1.0968999E+00 3.9808030E+01
   25200 2.5200000E-05 1.0050460E+00 2.1044860E+00 1.0978668E+00 4.0061823E+01
   25300 2.5300000E-05 1.0050999E+00 2.1081196E+00 1.0989605E+00 4.0324081E+01
   25400 2.5400000E-05 1.0051576E+00 2.1116391E+00 1.1003676E+00 4.0590462E+01
   25500 2.5500000E-05 1.0052179E+00 2.1150437E+00 1.1019268E+00 4.0859042E+01
   25600 2.5600000E-05 1.0052800E+00 2.1183300E+00 1.1035648E+00 4.1129725E+01
   25700 2.5700000E-05 1.0053434E+00 2.1214943E+00 1.1052470E+00 4.1402515E+01
   25800 2.5800000E-05 1.0054081E+00 2.1245345E+00 1.1069579E+00 4.1677397E+01
   25900 2.5900000E-05 1.0054738E+00 2.1274472E+00 1.1086909E+00 4.1954338E+01
   26000 2.6000000E-05 1.0055409E+00 2.1302297E+00 1.1104428E+00 4.2233287E+01
   26100 2.6100000E-05 1.0056093E+00 2.1328800E+00 1.1122117E+00 4.2514166E+01
   26200 2.6200000E-05 1.0056788E+00 2.1353964E+00 1.1139967E+00 4.2796885E+01
   26300 2.6300000E-05 1.0057494E+00 2.1377779E+00 1.1157974E+00 4.3081326E+01
   26400 2.6400000E-05 1.0058211E+00 2.1400236E+00 1.1176131E+00 4.3367333E+01
   26500 2.6500000E-05 1.0058938E+00 2.1421335E+00 1.1194436E+00 4.3654742E+01
   26600 2.6600000E-05 1.0059674E+00 2.1441077E+00 1.1212884E+00 4.3943363E+01
   26700 2.6700000E-05 1.0060419E+00 2.1459469E+00 1.1231472E+00 4.4232986E+01
   26800 2.6800000E-05 1.0061173E+00 2.1476523E+00 1.1250195E+00 4.4523383E+01
   26900 2.6900000E-05 1.0061937E+00 2.1492256E+00 1.1269051E+00 4.4814297E+01
   27000 2.7000000E-05 1.0062707E+00 2.1506688E+00 1.1288033E+00 4.5105455E+01
   27100 2.7100000E-05 1.0063485E+00 2.1519843E+00 1.1307137E+00 4.5396562E+01
   27200 2.7200000E-05 1.0064269E+00 2.1531752E+00 1.1326357E+00 4.5687306E+01
   27300 2.7300000E-05 1.0065058E+00 2.1542445E+00 1.1345687E+00 4.5977556E+01
   27400 2.7400000E-05 1.0065852E+00 2.1551960E+00 1.1365120E+00 4.6266923E+01
   27500 2.7500000E-05 1.0066649E+00 2.1560336E+00 1.1384647E+00 4.6554936E+01
   27600 2.7600000E-05 1.0067448E+00 2.1567615E+00 1.1404261E+00 4.6841222E+01
   27700 2.7700000E-05 1.0068249E+00 2.1573843E+00 1.1423953E+00 4.7125374E+01
   27800 2.7800000E-05 1.0069050E+00 2.1579067E+00 1.1443714E+00 4.7407013E+01
   27900 2.7900000E-05 1.0069851E+00 2.1583338E+00 1.1463533E+00 4.7686121E+01
   28000 2.8000000E-05 1.0070650E+00 2.1586707E+00 1.1483422E+00 4.7961944E+01
   28100 2.8100000E-05 1.0071446E+00 2.1589227E+00 1.1503561E+00 4.8234082E+01
   28200 2.8200000E-05 1.0072238E+00 2.1590955E+00 1.1523654E+00 4.8502149E+01
   28300 2.8300000E-05 1.0073024E+00 2.1591944E+00 1.1543798E+00 4.8765768E+01
   28400 2.8400000E-05 1.0073803E+00 2.1592252E+00 1.1563985E+00 4.9024571E+01
   28500 2.8500000E-05 1.0074575E+00 2.1591936E+00 1.1584155E+00 4.9278210E+01
   28600 2.8600000E-05 1.0075337E+00 2.1591051E+00 1.1604532E+00 4.9526349E+01
   28700 2.8700000E-05 1.0076089E+00 2.1589656E+00 1.1625381E+00 4.9768669E+01
   28800 2.8800000E-05 1.0076829E+00 2.1587806E+00 1.1646389E+00 5.0004881E+01
   28900 2.8900000E-05 1.0077557E+00 2.1585556E+00 1.1667416E+00 5.0234720E+01
   29000 2.9000000E-05 1.0078272E+00 2.1582961E+00 1.1688386E+00 5.0457954E+01
   29100 2.9100000E-05 1.0078973E+00 2.1580074E+00 1.1709242E+00 5.0674388E+01
   29200 2.9200000E-05 1.0079659E+00 2.1576947E+00 1.1730262E+00 5.0883880E+01
   29300 2.9300000E-05 1.0080330E+00 2.1573631E+00 1.1751376E+00 5.1086457E+01
   29400 2.9400000E-05 1.0081059E+00 2.1570342E+00 1.1749862E+00 5.1302128E+01
   29500 2.9500000E-05 1.0081735E+00 2.1567042E+00 1.1764139E+00 5.1489150E+01
   29600 2.9600000E-05 1.0082374E+00 2.1563742E+00 1.1785144E+00 5.1668451E+01
   29700 2.9700000E-05 1.0082986E+00 2.1561041E+00 1.1808994E+00 5.1840221E+01
   29800 2.9800000E-05 1.0083575E+00 2.1558497E+00 1.1834014E+00 5.2004483E+01
   29900 2.9900000E-05 1.0084143E+00 2.1556030E+00 1.1859476E+00 5.2161292E+01
   30000 3.0000000E-05 1.0084691E+00 2.1553640E+00 1.1885050E+00 5.2310733E+01
   30100 3.0100000E-05 1.0085221E+00 2.1551348E+00 1.1910579E+00 5.2452926E+01
   30200 3.0200000E-05 1.0085733E+00 2.1549173E+00 1.1935972E+00 5.2588052E+01
   30300 3.0300000E-05 1.0086227E+00 2.1547133E+00 1.1961169E+00 5.2716245E+01
   30400 3.0400000E-05 1.0086704E+00 2.1545243E+00 1.1986118E+00 5.2837760E+01
   30500 3.0500000E-05 1.0087163E+00 2.1543517E+00 1.2010768E+00 5.2952759E+01
   30600 3.0600000E-05 1.0087605E+00 2.1541964E+00 1.2035125E+00 5.3061480E+01
   30700 3.0700000E-05 1.0088031E+00 2.1540591E+00 1.2059144E+00 5.3164874E+01
   30800 3.0800000E-05 1.0088440E+00 2.1539405E+00 1.2082719E+00 5.3263820E+01
   30900 3.0900000E-05 1.0088833E+00 2.1538409E+00 1.2105765E+00 5.3357302E+01
   31000 3.1000000E-05 1.0089211E+00 2.1537607E+00 1.2128210E+00 5.3445603E+01
   31100 3.1100000E-05 1.0089574E+00 2.1537002E+00 1.2150086E+00 5.3529928E+01
   31200 3.1200000E-05 1.0089924E+00 2.1536596E+00 1.2171294E+00 5.3612862E+01
   31300 3.1300000E-05 1.0090260E+00 2.1536393E+00 1.2191744E+00 5.3690994E+01
   31400 3.1400000E-05 1.0090583E+00 2.1536398E+00 1.2211379E+00 5.3764531E+01
   31500 3.1500000E-05 1.0090894E+00 2.1536615E+00 1.2230165E+00 5.3833709E+01
   31600 3.1600000E-05 1.0091194E+00 2.1537051E+00 1.2248094E+00 5.3898764E+01
   31700 3.1700000E-05 1.0091483E+00 2.1537714E+00 1.2265181E+00 5.3959921E+01
   31800 3.1800000E-05 1.0091763E+00 2.1538611E+00 1.2281468E+00 5.4017404E+01
   31900 3.1900000E-05 1.0092032E+00 2.1539876E+00 1.2297030E+00 5.4071433E+01
   32000 3.2000000E-05 1.0092293E+00 2.1542687E+00 1.2311970E+00 5.4122218E+01
   32100 3.2100000E-05 1.0092547E+00 2.1546240E+00 1.2329755E+00 5.4169962E+01
   32200 3.2200000E-05 1.0092792E+00 2.1550079E+00 1.2356967E+00 5.4214948E+01
   32300 3.2300000E-05 1.0093033E+00 2.1554095E+00 1.2383628E+00 5.4257376E+01
   32400 3.2400000E-05 1.0093270E+00 2.1558366E+00 1.2409796E+00 5.4297355E+01
   32500 3.2500000E-05 1.0093503E+00 2.1562930E+00 1.2435624E+00 5.4335054E+01
   32600 3.2600000E-05 1.0093732E+00 2.1567815E+00 1.2461181E+00 5.4370638E+01
   32700 3.2700000E-05 1.0093956E+00 2.1573052E+00 1.2486479E+00 5.4404268E+01
   32800 3.2800000E-05 1.0094177E+00 2.1578672E+00 1.2511517E+00 5.4436096E+01
   32900 3.2900000E-05 1.0094394E+00 2.1584716E+00 1.2537097E+00 5.4466271E+01
   33000 3.3000000E-05 1.0094607E+00 2.1591233E+00 1.2562740E+00 5.4494938E+01
   33100 3.3100000E-05 1.0094817E+00 2.1598286E+00 1.2588190E+00 5.4522234E+01
   33200 3.3200000E-05 1.0095026E+00 2.1605959E+00 1.2613313E+00 5.4548296E+01
   33300 3.3300000E-05 1.0095234E+00 2.1614369E+00 1.2638019E+00 5.4575570E+01
   33400 3.3400000E-05 1.0095439E+00 2.1623678E+00 1.2662214E+00 5.4607364E+01
   33500 3.3500000E-05 1.0095642E+00 2.1634126E+00 1.2685789E+00 5.4648022E+01
   33600 3.3600000E-05 1.0095848E+00 2.1646079E+00 1.2708596E+00 5.4694009E+01
   33700 3.3700000E-05 1.0096058E+00 2.1660120E+00 1.2730415E+00 5.4749772E+01
   33800 3.3800000E-05 1.0096269E+00 2.1677240E+00 1.2750895E+00 5.4824405E+01
   33900 3.3900000E-05 1.0096484E+00 2.1699258E+00 1.2769476E+00 5.4938397E+01
   34000 3.4000000E-05 1.0096707E+00 2.1729920E+00 1.2785178E+00 5.5145202E+01
   34100 3.4100000E-05 1.0096976E+00 2.1758442E+00 1.2795525E+00 5.5263639E+01
   34200 3.4200000E-05 1.0097246E+00 2.1776692E+00 1.2803121E+00 5.5281642E+01
   34300 3.4300000E-05 1.0097513E+00 2.1790418E+00 1.2809696E+00 5.5274359E+01
   34400 3.4400000E-05 1.0097776E+00 2.1800784E+00 1.2816347E+00 5.5244064E+01
   34500 3.4500000E-05 1.0098032E+00 2.1808277E+00 1.2824107E+00 5.5197731E+01
   34600 3.4600000E-05 1.0098282E+00 2.1813505E+00 1.2833389E+00 5.5146395E+01
   34700 3.4700000E-05 1.0098527E+00 2.1817134E+00 1.2844474E+00 5.5098392E+01
   34800 3.4800000E-05 1.0098767E+00 2.1819861E+00 1.2857500E+00 5.5059704E+01
   34900 3.4900000E-05 1.0099002E+00 2.1822307E+00 1.2885037E+00 5.5034051E+01
   35000 3.5000000E-05 1.0099233E+00 2.1824955E+00 1.2923435E+00 5.5020700E+01
   35100 3.5100000E-05 1.0099461E+00 2.1828128E+00 1.2964847E+00 5.5032443E+01
   35200 3.5200000E-05 1.0099686E+00 2.1832019E+00 1.3006123E+00 5.5054009E+01
   35300 3.5300000E-05 1.0099908E+00 2.1836879E+00 1.3046128E+00 5.5075753E+01
   35400 3.5400000E-05 1.0100127E+00 2.1846568E+00 1.3084539E+00 5.5097608E+01
   35500 3.5500000E-05 1.0100349E+00 2.1859790E+00 1.3121625E+00 5.5119587E+01
   35600 3.5600000E-05 1.0100573E+00 2.1873971E+00 1.3157220E+00 5.5141701E+01
   35700 3.5700000E-05 1.0100797E+00 2.1888565E+00 1.3191268E+00 5.5163962E+01
   35800 3.5800000E-05 1.0101021E+00 2.1903437E+00 1.3223592E+00 5.5186378E+01
   35900 3.5900000E-05 1.0101240E+00 2.1918440E+00 1.3252912E+00 5.5208967E+01
   36000 3.6000000E-05 1.0101304E+00 2.1933200E+00 1.3197514E+00 5.5231862E+01
   36100 3.6100000E-05 1.0101453E+00 2.1947992E+00 1.3199653E+00 5.5349020E+01
   36200 3.6200000E-05 1.0101647E+00 2.1963113E+00 1.3228021E+00 5.5607934E+01
   36300 3.6300000E-05 1.0101867E+00 2.2017182E+00 1.3276576E+00 5.6400394E+01
   36400 3.6400000E-05 1.0102289E+00 2.2056127E+00 1.3415306E+00 5.6406440E+01
   36500 3.6500000E-05 1.0102629E+00 2.2051325E+00 1.3478017E+00 5.5894973E+01
   36600 3.6600000E-05 1.0102921E+00 2.2042337E+00 1.3512647E+00 5.5626681E+01
   36700 3.6700000E-05 1.0103184E+00 2.2049407E+00 1.3537527E+00 5.5503928E+01
   36800 3.6800000E-05 1.0103428E+00 2.2063433E+00 1.3558073E+00 5.5458064E+01
   36900 3.6900000E-05 1.0103492E+00 2.2078648E+00 1.3486701E+00 5.5611023E+01
   37000 3.7000000E-05 1.0103646E+00 2.2100991E+00 1.3512709E+00 5.6319439E+01
   37100 3.7100000E-05 1.0104042E+00 2.2115014E+00 1.3636475E+00 5.6197845E+01
   37200 3.7200000E-05 1.0104355E+00 2.2115873E+00 1.3675804E+00 5.5783913E+01
   37300 3.7300000E-05 1.0104439E+00 2.2129665E+00 1.3597544E+00 5.5964148E+01
   37400 3.7400000E-05 1.0104788E+00 2.2150120E+00 1.3707961E+00 5.6068241E+01
   37500 3.7500000E-05 1.0104985E+00 2.2166001E+00 1.3704068E+00 5.6139541E+01
   37600 3.7600000E-05 1.0105203E+00 2.2184145E+00 1.3716729E+00 5.6164658E+01
   37700 3.7700000E-05 1.0105432E+00 2.2202961E+00 1.3735015E+00 5.6192287E+01
   37800 3.7800000E-05 1.0105666E+00 2.2222016E+00 1.3754289E+00 5.6212629E+01
   37900 3.7900000E-05 1.0105903E+00 2.2241433E+00 1.3773372E+00 5.6231318E+01
   38000 3.8000000E-05 1.0106142E+00 2.2261892E+00 1.3792383E+00 5.6255157E+01
   38100 3.8100000E-05 1.0106382E+00 2.2282736E+00 1.3809932E+00 5.6261643E+01
   38200 3.8200000E-05 1.0106624E+00 2.2304013E+00 1.3827346E+00 5.6275629E+01
   38300 3.8300000E-05 1.0106866E+00 2.2325076E+00 1.3844177E+00 5.6284684E+01
   38400 3.8400000E-05 1.0107111E+00 2.2346046E+00 1.3860841E+00 5.6296378E+01
   38500 3.8500000E-05 1.0107359E+00 2.2366206E+00 1.3876609E+00 5.6296384E+01
   38600 3.8600000E-05 1.0107609E+00 2.2387384E+00 1.3892464E+00 5.6301785E+01
   38700 3.8700000E-05 1.0107861E+00 2.2408858E+00 1.3908514E+00 5.6309458E+01
   38800 3.8800000E-05 1.0108116E+00 2.2430393E+00 1.3924676E+00 5.6316397E+01
   38900 3.8900000E-05 1.0108420E+00 2.2453188E+00 1.3947244E+00 5.6394885E+01
   39000 3.9000000E-05 1.0108598E+00 2.2466488E+00 1.3885948E+00 5.6390732E+01
   39100 3.9100000E-05 1.0108819E+00 2.2486619E+00 1.3872538E+00 5.6393881E+01
   39200 3.9200000E-05 1.0109062E+00 2.2507671E+00 1.3882577E+00 5.6389637E+01
   39300 3.9300000E-05 1.0109318E+00 2.2529350E+00 1.3903389E+00 5.6390849E+01
   39400 3.9400000E-05 1.0109584E+00 2.2551383E+00 1.3928664E+00 5.6391649E+01
   39500 3.9500000E-05 1.0109870E+00 2.2573305E+00 1.3955566E+00 5.6377577E+01
   39600 3.9600000E-05 1.0110149E+00 2.2596409E+00 1.3981013E+00 5.6249623E+01
   39700 3.9700000E-05 1.0110423E+00 2.2619641E+00 1.4005312E+00 5.6251790E+01
   39800 3.9800000E-05 1.0110695E+00 2.2642784E+00 1.4030291E+00 5.6436163E+01
   39900 3.9900000E-05 1.0110998E+00 2.2666220E+00 1.4053688E+00 5.6562171E+01
   40000 4.0000000E-05 1.0111282E+00 2.2690178E+00 1.4081755E+00 5.6619939E+01
   40100 4.0100000E-05 1.0111556E+00 2.2714473E+00 1.4112500E+00 5.6638669E+01
   40200 4.0200000E-05 1.0111825E+00 2.2761910E+00 1.4144822E+00 5.6634922E+01
   40300 4.0300000E-05 1.0112091E+00 2.2820349E+00 1.4178052E+00 5.6619077E+01
   40400 4.0400000E-05 1.0112357E+00 2.2881010E+00 1.4211771E+00 5.6601283E+01
   40500 4.0500000E-05 1.0112622E+00 2.2941893E+00 1.4245710E+00 5.6579353E+01
   40600 4.0600000E-05 1.0112890E+00 2.3002523E+00 1.4279701E+00 5.6567438E+01
   40700 4.0700000E-05 1.0113162E+00 2.3063113E+00 1.4313637E+00 5.6555332E+01
   40800 4.0800000E-05 1.0113436E+00 2.3123250E+00 1.4347448E+00 5.6559531E+01
   40900 4.0900000E-05 1.0113711E+00 2.3182756E+00 1.4381080E+00 5.6569553E+01
   41000 4.1000000E-05 1.0113986E+00 2.3241472E+00 1.4432729E+00 5.6579357E+01
   41100 4.1100000E-05 1.0114260E+00 2.3299231E+00 1.4504399E+00 5.6589931E+01
   41200 4.1200000E-05 1.0114532E+00 2.3357868E+00 1.4592150E+00 5.6597697E+01
   41300 4.1300000E-05 1.0114804E+00 2.3414675E+00 1.4700547E+00 5.6709450E+01
   41400 4.1400000E-05 1.0115071E+00 2.3470581E+00 1.4844700E+00 5.7138421E+01
   41500 4.1500000E-05 1.0115330E+00 2.3525543E+00 1.5071670E+00 5.8227806E+01
   41600 4.1600000E-05 1.0115580E+00 2.3603389E+00 1.5635928E+00 6.3778268E+01
   41700 4.1700000E-05 1.0115312E+00 2.7802624E+00 2.3687912E+00 3.5130560E+02
   41800 4.1800000E-05 1.0115610E+00 2.7243082E+00 2.1165684E+00 1.0102581E+02
   41900 4.1900000E-05 1.0115869E+00 2.7114931E+00 2.0347910E+00 8.8259938E+01
   42000 4.2000000E-05 1.0116519E+00 2.7207795E+00 2.0005661E+00 9.2890585E+01
   42100 4.2100000E-05 1.0117648E+00 2.7262668E+00 1.9826860E+00 9.0699701E+01
   42200 4.2200000E-05 1.0118966E+00 2.7203101E+00 1.9831367E+00 7.7265298E+01
   42300 4.2300000E-05 1.0120348E+00 2.7175707E+00 2.0010967E+00 7.3513933E+01
   42400 4.2400000E-05 1.0121751E+00 2.7312060E+00 2.0454198E+00 9.3970628E+01
   42500 4.2500000E-05 1.0123168E+00 2.7706972E+00 2.1290511E+00 1.1711968E+02
   42600 4.2600000E-05 1.0124400E+00 2.8503151E+00 2.2778497E+00 1.4738056E+02
   42700 4.2700000E-05 1.0126062E+00 2.9857250E+00 2.5216340E+00 1.8741421E+02
   42800 4.2800000E-05 1.0128536E+00 3.2369894E+00 3.0757248E+00 2.8783391E+02
   42900 4.2900000E-05 1.0132898E+00 3.6781138E+00 3.2855983E+00 3.2592156E+02
   43000 4.3000000E-05 1.0138636E+00 4.3405443E+00 3.9482830E+00 4.1188096E+02
   43100 4.3100000E-05 1.0147944E+00 5.6124079E+00 5.4398400E+00 5.7897767E+02
   43200 4.3200000E-05 1.0169863E+00 9.2091400E+00 1.0595616E+01 1.4747549E+03
   43300 4.3300000E-05 1.0205323E+00 1.2559831E+01 1.0920362E+01 3.5519963E+03
   43400 4.3400000E-05 1.0217281E+00 1.9538776E+01 1.8671073E+01 3.4405498E+03
   43500 4.3500000E-05 1.0357253E+00 2.1159465E+01 2.1833014E+01 4.1820331E+03
   43600 4.3600000E-05 3.3485447E+05 2.7282537E+10 3.6413946E+10 5.3150117E+15
   43700 4.3700000E-05           NaN           NaN           NaN           NaN
   43800 4.3800000E-05           NaN           NaN           NaN           NaN
   43900 4.3900000E-05           NaN           NaN           NaN           NaN
   44000 4.4000000E-05           NaN           NaN           NaN           NaN
   44100 4.4100000E-05           NaN           NaN           NaN           NaN
   44200 4.4200000E-05           NaN           NaN           NaN           NaN
   44300 4.4300000E-05           NaN           NaN           NaN           NaN
   44400 4.4400000E-05           NaN           NaN           NaN           NaN
   44500 4.4500000E-05           NaN           NaN           NaN           NaN
   44600 4.4600000E-05           NaN           NaN           NaN           NaN
   44700 4.4700000E-05           NaN           NaN           NaN           NaN
   44800 4.4800000E-05           NaN           NaN           NaN           NaN
   44900 4.4900000E-05           NaN           NaN           NaN           NaN
   45000 4.5000000E-05           NaN           NaN           NaN           NaN
   45100 4.5100000E-05           NaN           NaN           NaN           NaN
   45200 4.5200000E-05           NaN           NaN           NaN           NaN
   45300 4.5300000E-05           NaN           NaN           NaN           NaN
   45400 4.5400000E-05           NaN           NaN           NaN           NaN
   45500 4.5500000E-05           NaN           NaN           NaN           NaN
   45600 4.5600000E-05           NaN           NaN           NaN           NaN
   45700 4.5700000E-05           NaN           NaN           NaN           NaN
   45800 4.5800000E-05           NaN           NaN           NaN           NaN
   45900 4.5900000E-05           NaN           NaN           NaN           NaN
   46000 4.6000000E-05           NaN           NaN           NaN           NaN
   46100 4.6100000E-05           NaN           NaN           NaN           NaN
   46200 4.6200000E-05           NaN           NaN           NaN           NaN
   46300 4.6300000E-05           NaN           NaN           NaN           NaN
   46400 4.6400000E-05           NaN           NaN           NaN           NaN
   46500 4.6500000E-05           NaN           NaN           NaN           NaN
   46600 4.6600000E-05           NaN           NaN           NaN           NaN
   46700 4.6700000E-05           NaN           NaN           NaN           NaN
   46800 4.6800000E-05           NaN           NaN           NaN           NaN
